13
GCA_038024135.1_Cyprinella_venusta          0.0000000 0.0265358 0.0368928 0.0552029 0.0775332 0.0186541 0.0117814 0.0241639 0.0125590 0.0165211 0.0126263 0.0149689 0.0418294 
GCA_048301585.1_Rhinogobio_nasutus          0.0265358 0.0000000 0.0312726 0.0425472 0.0695166 0.0266669 0.0195588 0.0115497 0.0201527 0.0246795 0.0205004 0.0172448 0.0299148 
GCA_936440315.1_Barbus_barbus               0.0368928 0.0312726 0.0000000 0.0493961 0.0716346 0.0367394 0.0303249 0.0294873 0.0309180 0.0355065 0.0308583 0.0341797 0.0249882 
GCA_944039275.1_Danio_rerio                 0.0552029 0.0425472 0.0493961 0.0000000 0.0844886 0.0437418 0.0484561 0.0476921 0.0490724 0.0539762 0.0490878 0.0460041 0.0479496 
GCA_947034865.1_Barbatula_barbatula         0.0775332 0.0695166 0.0716346 0.0844886 0.0000000 0.0698504 0.0690426 0.0675926 0.0698334 0.0758931 0.0693404 0.0736894 0.0765210 
GCA_949152265.1_Phoxinus_phoxinus           0.0186541 0.0266669 0.0367394 0.0437418 0.0698504 0.0000000 0.0123949 0.0238983 0.0132742 0.0178514 0.0134495 0.0157909 0.0416634 
GCA_949319135.1_Squalius_cephalus           0.0117814 0.0195588 0.0303249 0.0484561 0.0690426 0.0123949 0.0000000 0.0179982 0.0028523 0.0065230 0.0023237 0.0055470 0.0352462 
GCA_949357685.1_Gobio_gobio                 0.0241639 0.0115497 0.0294873 0.0476921 0.0675926 0.0238983 0.0179982 0.0000000 0.0188299 0.0232814 0.0190709 0.0213713 0.0339414 
GCA_951802725.1_Rutilus_rutilus             0.0125590 0.0201527 0.0309180 0.0490724 0.0698334 0.0132742 0.0028523 0.0188299 0.0000000 0.0071485 0.0036371 0.0061302 0.0358386 
GCA_963993115.1_Abramis_brama               0.0165211 0.0246795 0.0355065 0.0539762 0.0758931 0.0178514 0.0065230 0.0232814 0.0071485 0.0000000 0.0070431 0.0099092 0.0409081 
GCA_964197995.1_Scardinius_erythrophthalmus 0.0126263 0.0205004 0.0308583 0.0490878 0.0693404 0.0134495 0.0023237 0.0190709 0.0036371 0.0070431 0.0000000 0.0062275 0.0360332 
GCA_965113295.1_Leuciscus_leuciscus         0.0149689 0.0172448 0.0341797 0.0460041 0.0736894 0.0157909 0.0055470 0.0213713 0.0061302 0.0099092 0.0062275 0.0000000 0.0324867 
GCF_963082965.1_Carassius_carassius         0.0418294 0.0299148 0.0249882 0.0479496 0.0765210 0.0416634 0.0352462 0.0339414 0.0358386 0.0409081 0.0360332 0.0324867 0.0000000 
