6
GCA_036784965.1_Salvelinus_alpinus  0.0000000 0.0114346 0.0650523 0.0713469 0.0193163 0.0452338 
GCA_901001165.2_Salmo_trutta        0.0114346 0.0000000 0.0600791 0.0659819 0.0144315 0.0397814 
GCA_951799395.1_Argentina_silus     0.0650523 0.0600791 0.0000000 0.0222275 0.0571156 0.0594891 
GCA_963989245.1_Nansenia_antarctica 0.0713469 0.0659819 0.0222275 0.0000000 0.0632434 0.0650337 
GCA_964263955.1_Coregonus_lavaretus 0.0193163 0.0144315 0.0571156 0.0632434 0.0000000 0.0377030 
GCF_011004845.1_Esox_lucius         0.0452338 0.0397814 0.0594891 0.0650337 0.0377030 0.0000000 
