6
GCA_036784965.1_Salvelinus_alpinus  0.0000000 0.0670855 0.5270808 0.5776007 0.1126047 0.3737447 
GCA_901001165.2_Salmo_trutta        0.0670855 0.0000000 0.5303149 0.5729898 0.1103352 0.3675321 
GCA_951799395.1_Argentina_silus     0.5270808 0.5303149 0.0000000 0.1740977 0.5004283 0.6279418 
GCA_963989245.1_Nansenia_antarctica 0.5776007 0.5729898 0.1740977 0.0000000 0.5415318 0.6777326 
GCA_964263955.1_Coregonus_lavaretus 0.1126047 0.1103352 0.5004283 0.5415318 0.0000000 0.3483660 
GCF_011004845.1_Esox_lucius         0.3737447 0.3675321 0.6279418 0.6777326 0.3483660 0.0000000 
