13
GCA_038024135.1_Cyprinella_venusta          0.0000000 0.1751095 0.2641589 0.4547352 0.6035972 0.1024256 0.0862526 0.1652616 0.0843878 0.0942277 0.0878506 0.0958883 0.3056030 
GCA_048301585.1_Rhinogobio_nasutus          0.1751095 0.0000000 0.2398615 0.4110391 0.5692229 0.1573261 0.1405433 0.0885362 0.1392733 0.1477905 0.1420283 0.1292233 0.2606789 
GCA_936440315.1_Barbus_barbus               0.2641589 0.2398615 0.0000000 0.4269405 0.5737244 0.2509688 0.2310383 0.2342187 0.2300150 0.2391091 0.2326629 0.2420992 0.1485925 
GCA_944039275.1_Danio_rerio                 0.4547352 0.4110391 0.4269405 0.0000000 0.7541196 0.4179287 0.4254623 0.4235966 0.4224851 0.4325677 0.4257239 0.4136167 0.4383712 
GCA_947034865.1_Barbatula_barbatula         0.6035972 0.5692229 0.5737244 0.7541196 0.0000000 0.5682312 0.5720353 0.5709410 0.5656445 0.5739744 0.5700096 0.5818608 0.6135059 
GCA_949152265.1_Phoxinus_phoxinus           0.1024256 0.1573261 0.2509688 0.4179287 0.5682312 0.0000000 0.0703870 0.1430717 0.0691544 0.0801139 0.0718715 0.0812656 0.2867806 
GCA_949319135.1_Squalius_cephalus           0.0862526 0.1405433 0.2310383 0.4254623 0.5720353 0.0703870 0.0000000 0.1309906 0.0235111 0.0329627 0.0208095 0.0357878 0.2713589 
GCA_949357685.1_Gobio_gobio                 0.1652616 0.0885362 0.2342187 0.4235966 0.5709410 0.1430717 0.1309906 0.0000000 0.1306111 0.1380269 0.1339241 0.1408844 0.2754083 
GCA_951802725.1_Rutilus_rutilus             0.0843878 0.1392733 0.2300150 0.4224851 0.5656445 0.0691544 0.0235111 0.1306111 0.0000000 0.0301000 0.0244787 0.0341408 0.2721055 
GCA_963993115.1_Abramis_brama               0.0942277 0.1477905 0.2391091 0.4325677 0.5739744 0.0801139 0.0329627 0.1380269 0.0301000 0.0000000 0.0338839 0.0430459 0.2815905 
GCA_964197995.1_Scardinius_erythrophthalmus 0.0878506 0.1420283 0.2326629 0.4257239 0.5700096 0.0718715 0.0208095 0.1339241 0.0244787 0.0338839 0.0000000 0.0372340 0.2721592 
GCA_965113295.1_Leuciscus_leuciscus         0.0958883 0.1292233 0.2420992 0.4136167 0.5818608 0.0812656 0.0357878 0.1408844 0.0341408 0.0430459 0.0372340 0.0000000 0.2590978 
GCF_963082965.1_Carassius_carassius         0.3056030 0.2606789 0.1485925 0.4383712 0.6135059 0.2867806 0.2713589 0.2754083 0.2721055 0.2815905 0.2721592 0.2590978 0.0000000 
